[gd_scene load_steps=6 format=2]

[ext_resource path="res://Walaberto.tscn" type="PackedScene" id=1]

[sub_resource type="BoxShape" id=1]
extents = Vector3( 0.5, 0.5, 0.5 )

[sub_resource type="CubeMesh" id=2]
size = Vector3( 1, 1, 1 )

[sub_resource type="BoxShape" id=4]
extents = Vector3( 15, 0.5, 15 )

[sub_resource type="CubeMesh" id=3]
size = Vector3( 30, 1, 30 )

[node name="Spatial" type="Spatial"]
transform = Transform( 1, 0, 0, 0, 0.910402, 0.413724, 0, -0.413724, 0.910402, 0, 0, 0 )

[node name="Cubo" type="RigidBody" parent="."]
transform = Transform( 1, 0, 0, 0, 1, 0, 0, 0, 1, 0, 3.94779, 1.79404 )

[node name="CollisionShape" type="CollisionShape" parent="Cubo"]
transform = Transform( 1, 0, 0, 0, 0.946053, -0.324017, 0, 0.324017, 0.946053, -0.0499814, -0.0306547, 0.0674555 )
shape = SubResource( 1 )

[node name="MeshInstance" type="MeshInstance" parent="Cubo"]
transform = Transform( 1, 0, 0, 0, 1, 0, 0, 0, 1, -0.0334125, -0.0216987, 0.0334327 )
mesh = SubResource( 2 )
material/0 = null

[node name="Chao" type="StaticBody" parent="."]
transform = Transform( 0.999996, 0.00266943, 0.0012131, -0.00266944, 0.999997, -1.63913e-06, -0.0012131, -1.60933e-06, 0.999999, 0, 0, 0 )

[node name="CollisionShape" type="CollisionShape" parent="Chao"]
transform = Transform( 1, 0, 0, 0, 0.904597, -0.426269, 0, 0.426269, 0.904597, 0, 0, 0 )
shape = SubResource( 4 )

[node name="MeshInstance" type="MeshInstance" parent="Chao"]
transform = Transform( 1, 0, 0, 0, 0.906309, -0.422619, 0, 0.422619, 0.906309, 0.0827154, 0.232696, -0.732108 )
mesh = SubResource( 3 )
material/0 = null

[node name="Walaberto" parent="." instance=ExtResource( 1 )]
transform = Transform( 1, 0, 0, 0, 1, 0, 0, 0, 1, -3.77989, 0.92916, 1.24306 )

[node name="Camera" type="Camera" parent="."]
transform = Transform( -0.959707, -0.0121347, -0.280741, -0.2395, 0.557883, 0.794611, 0.146978, 0.829831, -0.53831, -2.37263, 7.56546, -5.69347 )
fov = 68.1217
