[gd_scene load_steps=3 format=2]

[sub_resource type="BoxShape" id=1]
extents = Vector3( 0.5, 0.5, 0.5 )

[sub_resource type="CubeMesh" id=2]
size = Vector3( 1, 1, 1 )

[node name="Spatial" type="Spatial"]
transform = Transform( 1, 0, 0, 0, 0.910402, 0.413724, 0, -0.413724, 0.910402, 0, 0, 0 )

[node name="RigidBody" type="RigidBody" parent="."]

[node name="CollisionShape" type="CollisionShape" parent="RigidBody"]
transform = Transform( 0.932626, 0.0123667, -0.360631, -0.14929, 0.923092, -0.354423, 0.328513, 0.384383, 0.862747, -0.0499814, -0.0306545, 0.0674555 )
shape = SubResource( 1 )

[node name="MeshInstance" type="MeshInstance" parent="RigidBody"]
transform = Transform( 0.92916, -0.0508212, -0.366168, -0.106998, 0.911141, -0.39797, 0.353855, 0.408958, 0.841158, -0.0334125, -0.0216986, 0.0334327 )
mesh = SubResource( 2 )
material/0 = null
